35,1 36,15 37,19749 38,22346 39,27654 40,31857 41,32582 42,32697 43,34556 44,35400 45,35996 46,38997 47,41994 48,77995 49,82794 50,83152 
59,1 60,2794 61,2937 62,3277 63,3438 64,3654 65,5823 66,5995 67,6007 68,6186 69,6477 70,7427 71,9224 72,9474 73,9637 74,10733 75,10735 76,12534 77,12742 78,14550 79,14780 80,15322 81,17395 82,18432 83,19111 84,19396 85,21520 86,21845 87,39558 88,58436 89,60148 90,61150 91,70400 92,74908 93,74977 94,76905 
132,1 133,2498 134,46015 135,46857 136,48599 137,48600 138,53458 139,55797 140,55858 141,56998 142,56998 143,68216 144,83337 145,89698 
188,1 189,7506 190,7507 191,8465 192,8765 193,9609 194,9905 195,10260 196,10704 197,11106 198,12842 199,14408 161,19170 200,19665 201,20312 202,20417 65,22866 203,26465 204,26523 205,33101 206,33673 151,37186 207,40903 37,48335 208,88386 209,98011 
210,1 211,87044 212,87403 213,87464 214,88965 215,90045 216,91544 217,91603 218,92084 219,92143 220,92803 221,92982 222,93524 223,97425 224,98442 225,100065 226,100543 227,105285 228,107684 229,109963 230,111825 231,112188 232,123823 233,126701 234,133727 
262,1 263,92 264,715 265,746 266,2533 267,2739 268,2956 91,3455 269,4402 270,4404 271,8203 272,8976 273,9823 274,12558 92,18513 275,28379 276,30663 277,66164 278,82955 279,86816 
48,1 281,5675 282,23762 283,24300 284,31560 285,36300 286,36636 40,37202 287,38048 44,38101 288,38618 
226,1 319,21183 320,33663 321,35944 223,41823 214,43503 216,44404 211,44405 322,44643 231,46984 228,47945 230,49023 323,49383 234,55083 213,55322 210,56342 218,56703 219,56763 217,57004 220,57364 93,57424 324,59524 222,60846 325,61145 326,61745 232,63246 233,63845 327,68953 225,69723 221,69846 328,75843 329,77949 229,80524 330,83348 227,84364 331,84844 332,86046 224,88149 
497,1 498,273 499,381 500,899 501,2211 502,8818 503,9079 504,9423 266,9659 273,41239 505,42438 506,44580 507,45740 
621,1 190,6893 622,8351 623,9324 544,10013 624,10254 625,14991 626,15411 627,18817 192,30954 628,40256 629,76793 397,76793 630,76793 631,76853 632,76974 633,77093 634,77693 635,78211 636,78291 637,78952 638,80572 135,90173 639,90234 640,91494 641,94501 642,97194 643,97198 202,99353 644,103798 
673,1 674,47162 675,47343 676,47581 677,47702 678,48182 679,48242 680,48960 681,48961 682,49142 683,49501 684,49920 
687,1 688,18169 47,18593 689,18627 68,18679 48,18689 690,18769 159,18882 460,19008 691,19405 160,19530 692,20027 693,20324 46,20377 694,21236 695,21291 696,21375 
756,1 757,407 758,975 41,1469 759,1748 760,2403 761,2663 762,3296 763,5850 764,18367 765,18565 
135,1 642,6944 643,45343 202,45343 629,45945 197,47805 770,50745 545,64003 403,64545 192,77146 636,79962 
698,1 773,522 774,5676 775,9147 776,11765 777,14102 778,25194 398,30723 779,50220 780,50621 781,52876 782,255289 
292,1 803,121 804,4682 291,4695 805,4708 806,4723 807,4753 808,4769 61,11154 381,11753 396,14151 809,34555 7,34614 810,41312 811,45660 812,46576 490,46647 546,48952 699,49619 65,56159 359,70433 813,71901 814,77527 815,83619 353,98911 
821,1 822,55761 823,60201 711,65481 824,73280 825,79761 826,80961 827,86962 403,89671 828,90440 829,92364 830,113779 831,231321 
847,1 704,239 848,473 849,483 850,487 851,527 852,851 853,982 386,1321 854,2875 855,3631 856,3860 857,18851 858,21209 859,22050 860,25607 861,25920 862,27897 863,28198 864,29640 865,31363 54,31660 286,32543 866,32853 867,33014 868,34557 869,35745 870,40553 871,45217 872,49848 873,74195 
1004,1 809,114 7,427 27,628 1005,678 899,832 1006,1014 1007,1867 1008,1908 292,2037 1009,3133 1010,4152 1011,8006 1012,40734 1013,40738 1014,42102 1015,44101 204,46995 490,48135 1016,49064 1017,53636 1018,54655 1019,55016 414,56036 413,57115 198,68816 1020,69056 900,72880 755,75951 817,76345 390,76582 1021,77037 396,79382 1022,80191 24,80196 444,81285 1023,81972 272,85437 1024,85560 1025,88648 1026,95017 582,95202 1027,96782 1028,96918 1029,97856 196,160315 1030,162775 1031,169916 
889,1 29,310 888,469 416,667 1044,883 1045,2079 1046,2976 192,4539 1047,4777 1048,5544 1049,6035 1050,6818 1051,7821 196,8919 26,11256 
1061,1 226,48410 319,49011 229,49128 213,49129 223,50087 330,50211 222,50869 220,50870 320,50870 219,51169 210,51530 232,52009 231,52908 215,54409 214,54711 302,54909 233,55130 234,55609 230,57230 227,57411 211,57411 224,58612 217,59212 216,61910 327,62809 321,63415 1062,66111 218,66349 326,69111 325,70850 323,83214 225,83329 221,88069 322,89811 228,104270 
1088,1 583,247 1089,608 1090,1330 1091,1371 1092,2986 1093,9745 1094,23140 1095,23444 1096,24084 123,26163 1097,43267 
1109,1 34,569 1110,15394 888,15509 1111,15931 1112,16218 1113,17191 621,19776 1114,20612 1115,20974 632,21636 1116,23434 1117,24569 413,24578 192,33575 
225,1 233,48146 218,48627 228,52707 231,52708 227,54868 230,55047 211,59126 221,61168 229,61346 223,61406 217,63627 226,63685 214,64526 215,66627 219,68727 220,69627 222,70046 213,72148 216,73526 224,75869 210,79107 234,86006 232,88767 
39,1 40,3703 35,4784 42,5520 43,6282 44,8082 1134,9584 690,9585 970,9644 45,11982 1135,12336 1136,19186 282,20084 689,26385 46,26984 283,31243 1137,35529 
141,1 135,90837 1142,91797 144,92458 748,94497 642,94798 143,94801 1143,97797 140,99000 134,100198 137,100858 1144,101824 403,105601 139,114299 142,123297 1145,128219 145,138298 
1044,1 1112,1424 1111,3167 1157,3408 644,14745 621,15887 625,21578 192,22788 1109,24649 413,25339 1158,35025 1159,35605 1160,37065 51,44746 
654,1 1238,178 1239,178 393,308 1240,357 1241,531 1242,899 1243,1272 1244,2459 1121,2558 1245,2697 1246,2857 1247,3401 1248,3637 1249,4489 58,5576 1250,5676 1251,10753 1252,14804 874,15607 1253,35446 
141,1 1281,24899 1282,36220 1160,91855 1283,93596 1284,95397 1142,101400 197,106616 1285,108716 1143,120897 634,123003 640,123657 641,133256 
415,1 329,354 413,4656 414,8677 363,21230 809,159524 1112,160455 196,161384 408,162829 1030,187414 626,187654 644,189697 1318,196451 901,197434 1319,247751 1320,357861 128,361236 194,365557 
185,1 905,101700 1333,171480 1334,178680 910,178799 909,182340 906,185881 908,185881 1335,189476 904,193080 907,193080 1336,203879 
624,1 1110,115 1111,830 1116,2933 1112,5571 416,5810 626,6470 641,6888 1381,8391 621,11270 397,12293 1382,13551 
913,1 1443,6189 915,79179 707,79418 821,79419 828,81158 826,84220 199,86379 466,89799 824,94180 822,95020 403,100721 914,105939 1444,107023 827,117222 134,122620 
1136,1 1466,354 1467,840 1468,1860 690,21273 1469,21277 1470,23218 40,24574 44,37174 43,38073 1471,40391 1472,40590 693,41974 1473,42365 42,43772 1474,50760 
67,1 1503,275 299,3638 79,10204 85,11610 59,11759 1502,12193 1504,12456 74,13680 1505,14344 65,16378 1506,73722 1507,103280 
1475,1 1563,338 1564,1419 1565,2842 1566,4669 1478,5006 1479,5965 1567,8867 1476,9498 1568,9570 1480,30205 1569,30541 1355,34780 1570,43675 1571,47695 1572,71897 97,74799 1573,75638 1516,82781 1574,84454 1575,252789 398,258399 
809,1 1577,14052 292,20973 1578,170072 490,171715 1361,172629 548,173949 1030,174331 24,174552 1518,178353 281,181533 1579,250450 817,259278 390,260144 7,262502 1013,270875 1004,274074 1351,274380 25,293672 1435,295473 1580,295702 1008,295806 61,298292 65,298413 396,300393 1581,303389 1582,303999 1583,304937 173,323384 1584,332357 1585,343598 
1136,1 1588,99 1467,345 37,11201 1471,11240 285,18881 693,19180 46,20740 1589,20825 880,21135 42,21880 40,24581 1590,25781 293,26081 47,27579 1473,27729 44,29680 970,29982 282,29982 1451,30551 690,31179 1177,31710 1591,32318 689,32382 43,34240 283,35079 1474,36348 49,37181 45,38381 39,38382 35,68380 1592,69580 1546,118201 
282,1 1130,485 1594,1094 47,19239 1590,19778 43,20680 45,23980 49,26379 40,28840 1595,29249 48,33578 39,33579 484,33751 276,35351 693,38499 
396,1 1597,1257 1030,1437 700,2099 292,2158 1115,2277 793,2457 1598,3119 1008,4949 699,4984 811,5098 490,5459 1599,5566 941,8758 26,9837 753,10260 1004,11320 24,12492 7,12606 809,12718 1460,12878 1600,13437 546,15358 29,15479 196,15838 61,16858 1361,17266 273,18193 899,18310 381,19555 66,20227 1601,20503 1602,21753 1009,21987 1603,24241 1131,24514 817,36053 25,39057 890,40738 1006,40918 1518,44518 397,48058 
139,1 1012,7406 642,7468 1464,8974 623,12870 1609,17370 1610,21569 197,38968 145,84028 135,95008 1611,95790 385,96587 403,96688 1612,99571 748,99870 134,102569 137,103173 140,103471 1142,105570 141,106172 1613,107370 1143,110368 640,113371 144,124168 1145,130589 142,131068 
494,1 495,38 1619,72 1620,95 1621,926 1023,1202 1519,1776 568,1776 793,3216 1622,3539 1623,4599 416,4836 1624,5017 1113,5316 1578,6096 1625,6997 1626,7598 1627,8199 1117,14800 192,23198 
1637,1 478,3460 481,3489 480,4710 170,5601 482,7591 1137,7806 475,9263 1014,9955 297,11484 1638,12705 791,12928 102,17251 
901,1 1683,239 194,1023 793,1129 898,1193 1684,3128 382,9834 1685,11157 7,13801 1686,20183 1687,20732 1688,69046 
626,1 1627,9839 1709,10771 415,11347 625,11636 1157,11641 622,13188 191,13560 1625,13737 1710,14817 1711,14940 1712,15220 1160,15357 1713,15418 1115,15539 1045,15901 1111,16320 1714,16439 1610,16679 204,17042 397,17159 1715,18119 190,18540 575,19411 1716,19621 416,19917 1717,19979 522,20173 623,20339 1718,20640 1109,20941 34,21728 196,22256 202,22740 624,22801 413,23219 1012,23937 1719,24297 144,24358 1720,28845 1721,29043 644,29158 901,31440 1117,31441 642,31740 141,32039 192,37017 1722,37162 140,39840 748,40141 197,40801 414,77939 632,84239 640,84840 189,85259 1723,85347 1724,85439 630,85500 1725,85679 629,85741 638,88138 545,88440 1726,89648 641,92161 1727,93183 1019,95760 631,96239 135,99719 639,100140 1728,103486 
821,1 1611,75058 1738,75176 1624,75178 913,75659 204,75850 1318,76397 887,76436 1739,77458 1740,78071 1465,78297 134,79257 642,81898 1443,82439 1115,82799 140,86097 1609,86397 
1752,1 1753,718 1754,2284 1108,7894 1755,9533 1756,15081 833,17102 1666,17563 1757,18294 534,19413 1758,19759 1759,19862 1222,20641 1760,23515 1618,44936 
284,1 37,5567 1816,5736 1817,5964 1818,6287 1819,7534 1592,12767 970,20389 42,22490 45,22791 43,25248 44,28605 293,28794 
475,1 1826,484 1827,651 1828,670 1395,1209 480,1968 1829,2158 1830,2244 1197,3682 1831,4441 1832,5240 479,16529 358,24521 481,37453 474,37634 482,38147 478,41660 1833,49309 
1627,1 1842,2845 1518,3001 193,3494 1509,6064 1620,6182 1510,7010 1623,8892 887,10741 1117,13387 642,19204 197,29285 
185,1 905,74219 1333,95400 1334,102599 910,102719 909,106199 906,109800 908,110039 1335,113400 904,117000 907,117060 1336,124200 
1868,1 1869,99 1192,209 394,339 421,347 1870,454 1517,3202 1871,32386 1872,266934 1873,274313 1874,277022 1035,279749 1875,302608 1876,345637 1877,348749 1878,349267 1879,383834 
204,1 922,11128 198,11475 1887,11906 1158,14535 1712,15163 1509,16937 1031,17655 416,17715 1111,17895 1012,18255 887,18795 1518,19275 1620,19636 1888,20115 197,24615 139,26361 639,30988 189,32659 1889,34759 1890,49905 1030,86357 196,95832 831,97163 1624,98115 1603,99075 51,100761 644,118215 626,119235 363,121218 1623,121359 1625,121936 1891,122497 1892,124935 1627,125537 1110,126859 1893,127384 1894,133135 622,134367 1716,137176 367,137715 1114,138077 
148,1 1028,78 1918,127 1919,269 995,349 150,564 1920,1075 1921,1332 1363,1891 1922,3534 1923,16893 173,26260 1683,256312 
822,1 915,73120 466,74621 913,77080 821,77681 707,77683 914,82600 199,82842 826,85184 403,85482 824,90642 827,104026 1444,105289 134,107440 
40,1 37,40728 283,40790 46,41390 1988,41838 42,42288 44,42977 1287,43289 97,43324 2012,44167 45,45650 43,46850 2013,47550 970,47989 285,53992 39,54290 2014,54393 2015,58789 282,59988 1818,63288 49,67192 1590,68388 2016,71136 2017,83663 2018,157461 
63,1 2034,138 1993,14855 2035,17114 77,22703 59,27656 1950,27984 1312,28015 72,34196 1434,35410 2036,44561 
1552,1 1037,159 316,871 2044,1663 2045,2152 509,2493 2046,2738 270,2847 1560,2957 1989,3171 2047,3290 2048,3324 1490,3752 100,3796 2049,4098 2050,4166 1558,4175 2051,5247 784,5468 2052,6167 2053,6367 2054,6369 594,6889 2055,7079 2056,7099 2057,7118 2058,7128 1634,8661 2059,11235 2034,12365 1635,13194 2060,13204 1245,13808 2061,14905 1553,14912 2062,21716 497,36623 2063,36750 2064,37260 1881,37649 2065,37884 1123,43526 272,46138 2066,49004 2067,49399 2068,49470 1352,50736 1674,51581 93,52703 2069,54872 278,61331 2070,62918 288,63936 1589,66554 1947,67809 1879,73521 2071,79013 2072,254210 1185,254478 2073,256414 
1115,1 2101,7779 753,8436 196,8909 1888,8940 546,8995 1624,9157 1603,9514 416,9516 2102,9577 748,9580 941,11556 624,12339 1101,13227 1712,16085 192,17981 397,19658 29,25896 821,26380 1051,27079 2103,27876 
567,1 495,1220 1712,1301 1519,1530 2111,2411 1110,3455 1597,6154 1578,7656 1404,8151 568,8742 2112,10187 817,68268 1884,70386 1600,70536 1603,74618 1626,354938 
107,1 297,6483 2126,8153 474,9005 480,9607 1068,12964 2108,15005 911,15065 476,15722 1637,16202 481,16205 475,16562 1638,16803 479,34503 
922,1 396,349 1030,31995 1113,32912 644,35177 2145,35298 367,36135 26,39855 809,41209 1850,42377 1892,49575 2146,52460 1029,67844 1894,70636 
1609,1 1260,10969 134,14389 1713,16669 642,18951 403,21891 748,23809 144,28669 821,29391 140,36589 1739,43790 711,88195 
42,1 2163,563 44,37103 45,38055 1592,38705 40,39598 285,40503 1589,41255 505,41528 970,48899 46,49498 689,50102 48,51901 283,52502 693,53699 1590,60306 284,64501 2164,67816 
1046,1 1892,87866 2028,88255 1049,89063 1519,89963 1603,90683 1620,90683 2196,92783 1031,94225 1597,99743 1894,104306 1050,105323 2197,106525 1195,107598 2198,344226 
474,1 478,10528 2213,10632 475,10939 481,12058 479,13495 476,15295 791,15558 297,17563 480,22558 1501,22781 1638,26693 482,28255 
632,1 198,108108 633,108122 1113,108536 1110,108595 1115,108838 1622,108992 1158,109618 2111,110054 1850,110160 1597,110862 900,111883 1727,114642 641,115499 2228,115961 
490,1 755,2132 809,3416 811,4327 1457,4384 1518,5702 699,7562 2237,13626 24,18962 396,26206 414,28024 890,33853 1261,49192 1008,99465 
1160,1 198,1958 1716,2356 1111,3499 416,5716 1713,7339 189,8539 1012,8597 2241,8670 626,10936 203,14599 192,24438 
1613,1 822,56123 1145,59057 1497,59117 1609,63381 403,65719 144,70399 640,82518 821,83120 136,84921 2255,84988 1612,86418 140,87922 914,98721 913,99318 145,101725 
1030,1 1116,1489 26,2386 189,2390 413,2928 1006,3997 793,4640 2146,4784 942,4791 1597,7966 414,8990 890,9046 495,10479 546,12892 2268,15066 2269,63286 
2287,1 2288,388 2289,8987 2206,30475 2290,66871 2291,87576 2292,91496 2293,115433 2294,115818 2295,158167 2296,168539 2297,172133 2298,199632 
915,1 403,22463 913,64883 466,65843 707,65964 821,66023 828,67703 914,68963 826,71367 827,71425 2178,72396 199,73771 824,77725 134,79765 822,79825 
654,1 312,97 1253,108 2063,114 933,178 837,282 917,307 1853,540 2339,593 2340,1022 2341,1023 1038,1096 1398,1499 2049,2244 2342,3566 2321,3748 2343,6497 668,7480 2344,12494 1573,19129 1483,20891 2345,25861 33,26418 1705,36945 1881,56278 1636,56788 874,63729 737,72959 
202,1 1111,2873 1850,3773 1724,5095 1284,6599 204,6712 34,6910 1716,7972 397,11696 2051,11803 623,14812 195,90296 2349,109419 
408,1 1719,597 489,2972 2102,4012 414,6901 1712,9846 381,57542 2387,71999 415,78120 546,80753 396,80986 
2049,1 1070,243 2388,3614 1996,6448 2389,7355 1785,8201 2390,8240 2391,8404 2392,9566 1860,10107 2393,10604 2394,10618 1266,10911 
185,1 905,13498 1335,16679 1336,27480 1334,27539 187,31138 908,34682 906,34799 909,38339 1087,40624 907,41882 904,45480 910,45480 1333,92278 
1006,1 2387,22684 942,22799 568,22882 2088,23108 890,23763 2196,24960 1578,26220 29,26764 196,28803 941,29042 
2131,1 2454,50 2066,147 1936,246 499,684 312,44187 2455,44560 2456,44600 2457,45448 2047,45902 2458,46634 2459,46990 
1718,1 546,175 2112,867 626,3351 2462,3954 1158,4072 1113,4372 887,6231 2111,7018 2463,10221 2464,12414 397,13133 194,13915 413,14153 204,14631 
2485,1 1047,40561 810,126005 489,126489 382,127534 1015,128165 811,128702 1457,129001 75,132303 1018,132362 292,132604 1361,133588 1857,135329 490,136174 66,144780 345,146811 2486,148501 2487,148641 2268,149366 
2504,1 1907,1254 2505,3690 1437,43978 2380,44868 931,45192 2135,50988 2506,55874 2507,59172 309,70395 2508,70582 1168,72780 1171,75180 1369,75258 2509,85807 
224,1 229,43667 230,51828 223,59869 227,61487 232,67427 234,67487 215,72288 231,72888 219,74387 220,74989 222,75649 221,76789 218,77686 213,79668 225,79789 216,80267 214,80267 233,80567 228,81828 217,83747 210,84768 211,85605 226,88249 
1509,1 1942,422 1941,483 1940,822 2541,851 1939,1013 1625,1031 887,3492 831,3674 1620,3974 1623,6373 1627,7032 2542,9912 642,13336 748,21136 
210,1 230,45162 322,45282 327,45283 321,46843 221,47084 326,50742 227,50744 231,51585 232,52488 228,53385 325,53501 224,55722 223,55903 216,62384 218,63462 217,64184 323,64786 226,65083 211,65984 214,67783 1061,67845 225,70302 320,71085 1062,71144 213,73902 319,73963 220,74745 330,75103 229,75704 234,75884 219,76003 215,79187 233,80863 
222,1 320,90306 214,91620 331,91860 226,92519 319,93001 212,93003 220,93904 330,94081 218,97801 211,98821 217,100622 329,100860 325,101521 231,103802 221,104221 321,107401 233,107764 322,108481 2586,108929 1062,109201 327,109380 326,109440 228,110105 227,110461 332,115741 224,116703 323,118202 234,125403 1061,126480 328,127864 324,127922 229,177001 213,179940 230,196802 225,206701 
408,1 354,231 1201,1970 1519,2144 1597,2456 489,2586 1113,3054 793,3056 2196,3416 2387,5531 1114,5936 414,6118 546,7025 1603,7077 2268,14562 2102,17696 809,19839 
2648,1 1543,13464 1312,320211 2569,320288 1021,320680 814,322076 2647,323996 965,352197 1516,373337 2649,418526 2125,423022 
42,1 2673,27289 44,36906 2674,37440 1592,38760 40,39601 1816,40309 285,40501 293,44702 970,48961 46,49505 689,50101 283,53701 693,57301 395,58164 1590,60302 284,64499 2017,81118 
246,1 942,1328 2712,1329 922,1369 2713,1373 2714,1388 2715,1584 160,1749 1679,1830 2679,1901 488,1915 487,1944 159,1946 2676,2137 2716,2261 460,2333 1821,2374 29,2509 1621,2591 2196,2793 1017,2893 1402,3051 490,3061 181,3131 180,3161 1888,3189 1519,3242 568,3321 1518,3415 1680,3971 1726,4082 2146,4869 23,5335 1624,5540 1603,5700 1377,15732 463,17481 68,17570 64,17626 465,17646 82,17678 2717,17706 1435,18025 204,18129 2484,18290 1802,18390 1801,18487 946,18894 1619,21095 1620,21106 1794,21111 352,21131 2718,21131 2656,21155 2221,21188 2359,21189 495,21213 952,21340 1623,21589 1627,21715 2719,21729 949,22206 950,22247 2229,22329 396,22630 1342,23831 
332,1 216,42029 214,43829 231,46409 226,49229 217,52831 215,54750 212,54930 213,55051 227,55828 219,56849 220,57511 222,58109 228,58111 211,58229 218,59669 225,64049 210,67232 230,70470 221,70768 229,75750 232,77911 233,79531 223,80250 224,86730 234,92309 
414,1 1157,53130 888,53472 415,54142 753,54369 198,54549 807,54595 638,54687 1111,55332 416,58089 1884,58473 1049,58509 2084,59772 1716,60429 941,65170 490,68220 189,71773 38,71843 140,72672 2101,75073 26,84430 748,87671 754,90342 626,122891 397,126672 413,128411 629,129371 631,129373 793,129524 640,130575 637,131351 196,131369 1113,132129 699,133779 1519,134349 1518,134529 1114,134770 2112,136325 890,136509 922,136631 1158,137589 634,137776 408,138332 202,138672 64,140020 623,143833 639,145034 2754,148629 643,150075 192,151872 641,154573 644,156674 28,328450 779,411438 
1049,1 1826,640 1111,654 1110,895 1116,2940 941,5031 1117,11340 875,12130 902,155413 367,155932 413,156473 1012,158332 2084,158632 1109,158935 1046,159235 546,160013 1201,160106 625,160432 1261,160598 1892,161934 922,164275 189,164938 1031,166195 414,167936 626,171052 
1562,1 2790,1394 2791,1845 2792,3240 2793,3538 1774,25879 2761,26977 2652,35551 2794,41600 2492,42011 1771,42242 1071,53129 1391,55177 270,55804 1123,62177 2344,62665 2795,63142 2796,63728 1414,67115 964,67587 2797,67608 1302,70031 2798,71710 1772,71877 2799,123027 2438,123794 2800,140773 2654,157189 2801,162202 741,173903 2802,225209 
136,1 1145,46297 144,49537 403,53439 821,54580 1612,56380 1609,57219 1613,57278 139,57410 822,64778 145,70320 748,71739 640,72580 140,74078 824,80797 
188,1 179,141 2818,190 2819,1944 103,2098 365,2681 196,2727 197,3218 397,3259 464,3828 1260,4058 199,4898 1044,5381 204,5557 202,6579 1625,6636 315,7732 190,7780 
814,1 72,9001 75,9602 810,16069 24,21659 23,21994 292,33486 2237,35460 412,121019 7,273481 61,274809 
642,1 626,39573 1609,40715 1627,40894 831,40955 1889,41314 2847,42934 1142,43056 190,45813 2848,46954 140,51514 545,85954 141,88714 2849,89853 135,90455 202,92255 403,92552 1318,92943 629,94955 638,95255 142,95555 139,95853 2850,96517 1143,97055 1283,97655 137,98258 621,101614 2464,103413 2349,105753 633,105873 641,109955 2851,111935 134,112361 136,116264 144,122132 1740,124894 748,130653 145,131556 
2275,1 1540,4867 1795,8260 2923,9332 268,10459 559,27103 2635,27103 760,27465 2924,27634 756,27679 1543,28064 1310,41160 